#NATURAL MANAGED
0.95869 2.9089
1.0263 3.3096
0.562 0.562
0.53433 0.53433
0.50369 0.50369
0.48765 0.48765
0.29255 0.29255
0.44346 0.44346
0.4552 0.4552
0.60764 0.60764
0.47444 0.47605
0.50499 0.50491
0.59736 0.60821
0.57565 0.59964
0.47379 0.51685
0.42766 0.48479
0.35164 0.4054
0.33047 0.38429
0.36407 0.45324
0.32135 0.40805
0.24383 0.2792
0.58108 0.6492
0.49046 0.58658
0.58071 0.66487
0.46961 0.56519
0.51372 0.44363
0.37238 0.31172
0.56894 0.56492
0.47761 0.45423
0.60828 0.56219
0.60087 0.54782
0.5364 0.47392
0.59699 0.48684
0.44858 0.3535
0.33237 0.25033
0.3437 0.29541
0.29966 0.29198
0.19023 0.17812
0.38764 0.3815
0.38439 0.38907
0.2999 0.30641
0.27564 0.29996
0.22365 0.2606
0.46859 0.47771
0.4593 0.47913
0.36904 0.38113
0.16824 0.11869
0.20707 0.17039
0.20854 0.18304
0.22361 0.20474
0.23627 0.23616
0.21368 0.22018
0.19986 0.2144
0.18499 0.20591
0.16623 0.18435
0.14657 0.16368
0.1252 0.1493
0.14824 0.18277
0.14259 0.1774
0.19936 0.26933
0.13905 0.19673
0.13905 0.20092
0.13382 0.18616
0.11453 0.16942
0.51224 0.55192
0.27659 0.34796
1.0843 1.1259
0.78642 0.81299
0.84145 0.88404
0.62646 0.61738
0.61763 0.63046
0.37789 0.35811
0.91672 0.91563
0.57116 0.54166
0.81126 0.79469
0.59886 0.55273
0.70445 0.62389
0.49165 0.44071
0.86341 0.76811
0.64016 0.52842
0.60609 0.60786
0.98842 0.98987
0.50534 0.50573
0.90816 0.90819
0.68673 0.68672
0.58367 0.58372
0.58978 0.58979
0.58347 0.58344
0.76803 0.76803
0.86662 0.86662
0.89943 0.89943
0.67137 0.67137
0.85858 0.85858
0.86149 0.86149
0.78842 0.78842
0.7902 0.7902
0.78485 0.78485
0.75449 0.75449
0.68483 0.67984
0.69945 0.68479
0.65271 0.62931
0.62959 0.64392
0.5442 0.57412
0.4322 0.47035
0.35949 0.39896
0.26777 0.2907
0.28561 0.32144
0.3304 0.3671
0.27472 0.29037
0.68675 0.68523
0.32723 0.32706
0.50665 0.50661
0.57694 0.57695
0.66782 0.66475
0.69192 0.69196
0.57194 0.59804
0.36077 0.37562
0.52917 0.56021
0.60119 0.66247
0.57595 0.65343
0.5406 0.6391
0.36489 0.41181
0.25161 0.26798
0.33703 0.40829
2.9478 3.0219
2.9345 3.0282
3.069 3.1876
2.5276 2.5459
3.0602 3.0666
3.069 3.079
3.439 3.4547
3.3736 3.4266
4.2045 4.2804
4.18 4.2664
6.8968 6.8963
2.8056 2.8059
2.8131 2.8132
3.0548 3.0547
3.1563 3.1562
3.1663 3.1663
2.8862 2.8809
1.6784 1.6087
2.8536 2.753
3.6463 3.5395
2.8856 2.8391
3.4657 3.4327
2.9226 2.8868
2.2107 2.1585
3.3702 3.3629
2.8398 2.822
2.6068 2.5919
2.3082 2.2923
2.8576 2.8777
3.1091 3.1201
3.0585 3.0762
1.6818 1.6761
1.7368 1.736
1.7529 1.753
1.6852 1.6852
1.7387 1.7394
1.7155 1.7156
1.7351 1.7357
1.5461 1.546
1.676 1.6788
1.2678 1.2647
1.5094 1.5115
1.603 1.6042
1.4364 1.4349
1.6155 1.616
1.5258 1.5258
1.4993 1.4997
1.4138 1.5446
1.2247 1.3287
1.4542 1.6031
1.3745 1.5147
1.282 1.4321
1.3444 1.5129
1.516 1.7454
1.4647 1.7128
1.3574 1.5653
1.1399 1.3622
1.1753 1.4061
1.3121 1.5782
1.1072 1.3495
1.0454 1.2786
1.6801 2.1009
1.3536 1.7135
1.8557 2.391
1.7634 2.3672
1.5374 2.0501
1.6463 2.2487
1.5408 2.1364
1.4946 2.1504
1.4698 2.1169
1.4169 2.1206
1.3146 1.9364
1.4638 2.2161
1.2867 1.9566
1.2899 2.0461
1.4801 2.4303
1.4634 2.4282
1.5028 2.4936
1.3462 2.2597
1.2339 2.1132
1.0278 1.763
0.82113 1.4281
0.83099 1.5088
0.60289 1.0709
0.71796 1.2557
0.76309 1.4081
0.82812 1.5465
0.77185 1.4257
0.82595 1.5698
0.98409 1.9317
0.86183 1.6624
0.82201 1.6126
1.5119 3.6383
1.5587 3.8161
1.2679 3.1385
1.251 3.1776
1.3584 3.4997
1.5497 4.0709
1.6744 4.4761
1.6587 4.6047
1.7142 4.7928
1.4417 4.2161
1.6574 4.8268
1.227 3.8065
1.1426 3.6562
1.5696 4.7066
1.3458 4.0965
1.5092 4.5701
1.6821 4.9854
1.3452 4.26
1.4294 4.1925
1.5065 4.4637
1.412 3.9129
6.7986 8.0475
0.83046 2.4577
2.0634 3.367
1.9169 2.7625
2.3475 3.4297
2.4564 3.5981
2.2723 3.3134
2.8307 4.4109
2.5055 3.8946
1.3246 2.0259
2.4268 3.8789
2.2691 3.7015
2.6721 4.3755
2.1453 3.4737
2.5252 4.3256
2.869 4.4902
2.3627 2.0824
2.3685 2.3143
3.1356 4.5563
2.2275 4.8791
2.4894 5.7494
2.3579 3.6328
2.1003 2.9979
2.0272 2.9428
1.6816 2.3878
1.896 3.2228
1.6719 2.9074
1.7099 4.7076
1.565 6.5047
1.4895 5.5888
1.3166 3.7918
1.3585 3.9532
1.2046 3.5491
1.0629 1.8208
1.0185 0.97015
1.0704 1.8322
1.0473 3.1889
1.0149 4.0592
0.91451 4.1918
0.53327 3.7186
0.47725 3.752
0.43877 3.8745
0.42753 3.5267
0.42193 3.8608
0.38649 3.7415
0.35189 4.0736
0.33937 3.8695
0.30247 3.5139
0.28809 3.3428
0.27972 3.3192
0.25965 3.3364
0.24846 3.2741
0.22729 3.3089
0.22071 3.1063
0.19853 3.1893
0.1844 3.0541
0.16356 3.1695
0.13505 3.1427
0.11413 2.8735
0.10918 2.3404
0.13742 2.1132
0.12215 2.8069
0.11563 2.4166
0.1175 1.9799
0.11134 2.0475
0.0019581 1.9598
0 2.0984
0 2.2209
0 1.7243
0 1.7308
0 1.312
0 1.2497
0 1.6611
0 1.7418
0 1.5956
0 1.4664
0 1.1662
0 1.4869
0 1.4715
0 1.5028
0 1.6434
0 1.6499
0 1.6158
0 1.7165
0 1.6229
0 1.4437
0 1.241
0 1.2951
0 1.1827
0 1.212
0 1.0743
0 1.1771
7.5309 8.2744
0.4735 1.645
0.87304 2.9376
0.80722 3.4121
0.70501 2.893
0.57659 2.3943
0.31159 1.839
11.643 12.646
0.5647 2.1062
1.3196 2.4526
1.7071 2.8317
1.7368 2.7342
1.606 2.73
1.8869 3.1055
1.8485 3.2235
1.7084 3.1029
1.4638 3.0412
1.3571 3.2355
1.2803 3.3235
1.1564 1.7742
0.98308 0.92296
0.94635 1.0519
0.89914 1.1376
0.77818 1.3194
0.6927 1.4962
0.58028 1.6118
0.52148 1.5599
0.49199 1.5061
0.40815 1.5054
0.4884 1.4165
0.3134 1.6266
0.24371 1.4824
0.30173 1.9613
0.090244 2.4547
0.3801 2.362
0.14716 2.1568
1.0417 2.9068
