#NATURAL MANAGED
34.35 33.51
35.81 34.98
37.91 37.81
35.86 35.85
35.38 35.38
36.88 36.87
39.39 39.36
33.55 33.57
32.49 32.49
33.35 33.34
31.29 31.3
32.97 32.97
35.04 35.02
34.78 34.75
34.97 34.94
34.84 34.79
34.98 34.92
36.02 35.93
34.46 34.37
33.97 33.87
36.22 36.16
32.72 32.62
31.81 31.71
31.6 31.52
32.04 31.96
32.81 32.86
31.44 31.5
30.69 30.71
30.87 30.89
32.74 32.78
34.6 34.63
36.25 36.3
36.15 36.2
36.6 36.67
37.03 37.12
36.01 36.06
34.29 34.3
33.83 33.84
32.84 32.84
32.45 32.45
33.37 33.36
33.58 33.57
33.62 33.59
33.82 33.8
33.82 33.81
34.46 34.45
37.27 37.3
33.22 33.25
34.64 34.66
33.64 33.66
33.83 33.83
34.03 34.02
34.28 34.27
34.63 34.61
34.91 34.9
35.31 35.3
34.07 34.05
32.55 32.53
31.94 31.91
32.36 32.32
32.14 32.1
32.23 32.19
33.01 32.97
31.7 31.65
30.9 30.87
28.94 28.9
28.46 28.32
31.94 31.91
31.76 31.74
31.79 31.8
31.76 31.75
30.87 30.89
28.74 28.75
29.67 29.69
30.48 30.5
30.86 30.91
30.66 30.74
31.82 31.88
30.94 30.99
30.33 30.43
30.43 30.46
29.49 29.49
31.77 31.77
30.32 30.32
29.37 29.37
28.25 28.25
26.26 26.26
26.79 26.79
27.67 27.67
30.07 30.07
30.82 30.82
31.33 31.33
31.73 31.73
31.4 31.4
31.33 31.33
31.29 31.29
31.32 31.32
31.39 31.39
31.56 31.56
31.91 31.92
32.41 32.43
32.19 32.18
32.43 32.41
32.25 32.23
31.99 31.95
33.66 33.62
34.08 34.03
32.38 32.35
30.02 30
27.39 27.39
30.09 30.09
31.45 31.45
31.1 31.1
30.47 30.47
29.47 29.47
28.73 28.71
29.07 29.05
29.02 28.98
29.15 29.11
29.66 29.61
29.79 29.73
31.57 31.5
34.11 34.08
29.74 29.67
29.58 29.49
29.14 29.04
26.07 25.98
25.53 25.5
26.76 26.76
27.16 27.14
26.61 26.59
26.69 26.64
25.75 25.7
24.21 24.18
16.29 16.29
19.36 19.36
20.45 20.45
21.65 21.65
21.77 21.77
22.23 22.23
23.44 23.45
26.82 26.93
25.41 25.53
23.43 23.51
23.92 23.98
22.2 22.23
22.2 22.24
23.55 23.6
21.21 21.27
21.68 21.7
21.84 21.85
22.24 22.25
19.51 19.54
17.67 17.7
18.75 18.74
20.99 20.98
20.98 20.98
20.99 20.99
21.15 21.15
20.93 20.93
21.01 21.01
20.73 20.73
20.98 20.98
20.5 20.51
21.33 21.32
20.81 20.82
20.59 20.59
21.1 21.1
20.88 20.88
21 21
20.99 20.99
21.64 21.42
21.45 21.29
20.81 20.53
20.68 20.41
21.34 20.9
21.57 21.04
21.47 20.74
21.17 20.35
20.58 20.29
20.47 19.87
19.7 19.17
18.98 18.61
18.7 18.11
19.11 18.44
18.09 17.21
16.66 15.79
16.87 15.82
17.31 15.74
16.55 15.28
15.83 14.51
15.54 14.14
15.58 13.85
15.08 13.6
15.19 13.33
15.54 13.83
16.14 14.41
16.28 14.4
15.97 13.99
16.26 13.9
16.3 13.84
16.16 13.9
16.33 13.94
16.36 14.08
17.04 14.74
15.83 14.03
14.87 13.48
13.77 12.61
13.14 12.06
12.83 12.02
11.91 11.31
11.85 10.59
12.91 10.97
13.2 11.22
14.33 13.39
15.86 15.33
9.56 4.98
8.94 3.97
8.48 3.72
8.7 3.54
8.3 3.42
8.98 3.69
9.85 4.2
10.97 4.07
11.39 4.51
11.87 4.42
12.13 4.59
12.96 4.88
13.93 5.45
13.29 5.05
13.32 5.34
13.76 5.79
13.94 7.41
13.91 6.96
13.06 6.4
12.85 7.16
12.69 11.27
4.64 2.93
13.04 7.81
10.89 7.7
10.72 7.98
10.04 7.47
10 7.26
10.54 7.58
11.79 8.04
12.02 9.03
11.22 8.81
10.5 7.11
10.2 6.67
10.33 6.61
11.43 7.39
11.52 7.06
11.95 8.5
12.75 12.68
13.5 13.5
15.91 14.4
16.2 10.26
16.31 9.59
16.47 13.21
16.63 14.24
17.26 15.08
17.68 16.13
17.93 15.76
19.27 16.95
20.03 15.37
20.04 11.29
19.51 12.75
19.14 15.23
20.44 16.82
20.04 17.01
20.04 19.57
21.11 21.09
21.9 21.57
23.65 21.5
24.16 20.7
23.38 19.92
22.08 19.11
21.28 18.24
21.19 18.04
21.49 18.44
22.42 18.91
22.79 19.37
22.78 19.32
23.83 22.12
24.21 22.67
24.04 22.35
24.95 22.63
25.43 23.06
25.95 23.71
26.61 25.02
27.56 25.85
27.99 26.52
28.56 27.17
28.81 27.59
28.8 27.76
28.23 27.3
28.58 27.72
31 30.18
30.79 29.81
29.28 28.44
27.82 27.16
27.52 26.83
27.56 26.86
27.33 26.59
27.54 26.78
28.51 27.89
29.25 28.63
30.91 30.05
33.83 32.33
31.08 30.51
31.13 30.55
31.7 31.15
31.71 31.21
36.64 35.08
34.15 33.62
32.56 31.93
33.2 32.56
32.82 32.27
33.17 32.61
33.9 33.35
34.16 33.59
33.93 33.4
34.19 33.71
35.93 35.39
33.39 32.99
33.97 33.58
34.52 34.11
35.1 34.53
32.49 32.08
19.5 18.45
27.91 27.26
28.78 27.97
30.11 29.08
31.49 30.61
31.99 31.35
30.21 29.67
11.6 10.44
24.13 23.15
25.85 25.39
26.99 26.59
29 28.63
29.74 29.26
31.38 30.92
33.08 32.56
34.05 33.51
34.9 34.3
34.96 34.26
35.42 34.68
36.54 36.3
35.4 35.41
36.42 36.38
37.71 37.63
37.99 37.82
38.36 38.1
37.74 37.44
37.92 37.59
38.88 38.54
38.06 37.7
38.46 37.89
34.85 34.47
31.58 31.19
33.04 32.35
32.25 31.39
31.54 30.72
29.87 29.16
31.94 31.26
