#Precipitation
0
0
0
0
0
0
0.26218
0.48292
3.3307
0
4.0297
0
0
0
0
0
0
0
0
0
4.1136
1.8675
6.3247
0.92344
2.5707
0
3.8897
3.7837
0.92068
0
0
0
0
0
0
0
0
2.8614
0.032765
0.19102
0
0
2.9898
1.5848
0
0
0
0.25777
0
0
0
0
0
0
0
0
0.054736
0.25883
0.3981
0
0
0
0
0.099377
5.6726
32.172
8.8949
0
0
0
0
25.323
6.3337
5.1212
4.5185
8.2538
0.74772
11.204
2.2102
3.7287
20.595
7.8052
5.2358
11.951
0.56791
22.984
78.074
18.303
16.017
0
0
4.7337
0
0
0
0
0
0
0
0
0
0
0
0
0
0
0
0
37.883
7.6355
1.5391
0
0
0
0
0
0.21404
0
0
0
0
0
0
0
0
0
39.33
0.34004
0
0
0
0
0
2.8196
40.483
1.2564
0.30341
0
0
0
0
0
0
0
0
0
0
0
0
0
0
0
1.7835
1.0888
0
0
0
0
0
0
0
0
0
0
0
0
0
0
0
0
0
0
0
0
0
0
0
0
0
0
0
0
0
0
0
0
0.048314
0
0
0
0
0
0
0
0
0
0
0
0
0
0
0
0
0
0
0
0
0
0
0
0
0
0
0
0
0
0
0
0
0
0
0
0
0
0
0
0
0
0
0
0
0
0
0.14683
0
0
0.9987
7.3335
24.613
0.14978
0
0
0
0
0
0
4.9077
0
0
0
0
0
0
0
0
0
0
0
0
0
0
0
0
0
0
0
0
0
0
0
0
0
0
0
0
0
0
0
0
0
0
0
0
0
0
0
0
0
0
0
0
0
0
0
0
0
0
0
0
0
0
0
0
0
0
0
0
0
0
0
0
0
0
0
0
0
0
0
0
0
0
0
0
0
0
0
0
0
1.6417
8.9916
3.8231
0
0
0
0
0.82831
14.19
25.863
0
0
0
0.14583
0
0
0
0
0
0
0
0
0
0
0
0
0
0
0
0
0
0
0.28373
0
1.3415
0
8.6685
0
