#NATURAL MANAGED
104.42 111.64
103.22 108.26
102.8 107.82
102.36 107.38
102.02 107.04
101.58 106.72
101.66 106.7
101.74 106.76
104.6 109.64
104.08 109.1
107.56 112.58
107.12 112.14
106.68 111.62
106.26 111.18
105.82 110.74
105.58 110.4
105.24 110.08
105.02 109.84
104.78 109.5
104.56 109.18
108.34 112.86
109.6 114.12
115.28 119.6
115.66 119.88
117.74 121.86
117.3 121.52
120.68 124.9
123.68 128
124.24 128.46
123.72 128.04
123.18 127.5
122.74 127.28
122.4 126.92
122.04 126.78
121.9 126.64
121.66 126.5
121.52 126.36
124.2 128.92
123.86 128.6
123.82 128.56
123.6 128.34
123.54 128.3
126.22 130.86
127.28 131.94
127.04 131.6
126.82 131.36
126.68 131.34
126.86 131.42
126.72 131.4
126.58 131.26
126.54 131.22
126.5 131.08
126.36 131.04
126.34 130.9
126.3 130.86
126.26 130.84
126.24 130.82
126.42 130.88
126.7 131.16
126.58 131.02
126.54 130.9
126.42 130.86
126.4 130.82
126.48 130.8
131.36 135.68
161.06 165.1
167.26 170.72
165.18 167.84
163.02 165.1
161.1 162.8
159.56 160.84
180.64 181.7
181.1 181.74
181.02 181.42
180.52 180.84
183.76 184.12
180.22 180.58
186.68 186.96
184.06 184.56
183.62 184.12
197.58 198.06
197.14 197.62
195.94 196.44
200.82 201.3
195.8 196.28
210.52 211
244.04 244.7
234 234.74
239.32 243.44
237.12 241.24
235.16 239.28
237.58 241.6
235.76 239.98
234.06 238.18
232.44 236.56
230.8 234.92
229.18 233.3
227.64 231.76
226.22 230.34
224.68 228.8
223.24 227.38
221.8 225.94
220.56 224.5
219.34 223.28
218.1 222.14
216.98 221.02
215.96 219.8
214.74 218.66
246.52 250.14
251.32 254.94
251.42 254.84
250 253.54
248.48 252.02
246.96 250.6
245.54 248.98
244.12 247.54
243 246.62
241.68 245.2
240.26 243.78
238.82 242.24
237.5 240.8
236.28 239.58
235.16 238.46
233.94 237.24
230.14 233.32
226.42 229.5
255.5 258.28
252.5 255.26
248.5 251.36
244.58 247.44
240.28 243.1
236.06 238.78
230.96 233.76
228.24 230.94
255.74 258.24
253.24 255.74
249.74 252.14
245.94 248.24
241.84 244.24
237.72 240.14
233.92 236.34
231.42 233.84
227.62 230.14
223 225.64
219.2 221.84
214.9 217.54
211.08 223.04
208.08 220.04
203.66 215.74
200.06 212.04
196.44 208.44
193.34 205.24
191.12 203.04
188.5 200.14
185.26 196.04
183.34 193.54
181.38 190.84
179.62 188.4
178.04 186.24
176.46 184.18
174.86 182.32
173.36 186.16
172.06 189.92
170.54 188.08
169.46 186.58
168.24 184.96
166.92 183.32
165.8 181.88
164.48 180.32
163.16 178.84
162.02 177.48
160.92 176
159.9 174.82
158.68 173.32
157.58 172.12
156.56 170.84
155.44 169.54
154.32 172.2
153.18 175.08
152.06 177.88
151.16 176.7
150.24 175.4
149.32 174
148.42 172.72
147.5 171.64
146.26 170
145.22 168.58
143.94 166.62
142.66 164.74
141.62 163.08
140.44 161.32
139.38 159.56
138.22 161.8
137.26 163.84
136.3 165.78
135.36 167.72
134.4 169.46
133.46 171.22
132.7 172.88
131.62 174.02
130.74 175.18
129.76 176.04
128.9 176.92
128.04 177.82
127.42 178.86
126.82 180.54
126.2 182.76
125.72 181.12
125.22 179.48
124.8 177.72
124.28 175.92
123.78 174.4
123.16 172.78
122.62 171
121.98 169.34
121.56 167.96
112.04 148.32
111.46 147.4
110.94 146.84
110.44 146.36
110 145.56
109.5 144.16
109 142.44
108.5 140.5
107.98 138.54
107.6 136.84
107.08 134.78
106.74 133.4
106.42 132.02
106.02 129.98
105.66 128.38
105.26 126.34
104.92 124.08
104.64 122.56
104.38 121.26
104.06 119.74
104.58 119.36
105.64 121.5
128.7 142.92
127.7 140.62
126.52 138.62
125 136.08
123.36 133.34
121.84 130.9
120.04 127.7
118.58 124.82
122.26 127.78
120.92 125.02
119.48 122.26
117.82 119.06
116.4 116.52
114.94 113.3
113.24 110.26
111.78 114.38
110.42 118.1
108.66 120.34
107.4 116.7
106.08 112.68
104.96 110.66
103.98 109.18
103.08 107.7
102.34 106.58
101.54 110.44
100.88 114.34
100.3 116.68
99.74 112.02
99.26 108.32
98.82 106.38
98.56 104.36
98.22 102.78
98.02 106.02
97.72 109.4
97.5 111.8
97.18 112.8
96.98 112.7
96.8 112.5
96.68 112.8
96.6 113
96.5 113
96.32 113.2
96.22 113
96.14 112.88
96.08 112.28
96 111.88
95.84 111.68
95.78 111.68
95.62 111.68
95.58 111.48
95.52 111.28
95.48 111.08
95.42 110.98
95.38 110.66
95.34 110.36
95.22 109.86
95.18 109.36
95.16 108.96
95.14 109.06
95.1 109.36
95.08 108.66
95.06 108.46
94.92 108.46
94.9 108.34
94.9 108.34
94.9 108.04
94.9 107.54
94.9 107.54
94.9 107.54
94.9 107.84
94.78 108.14
94.78 108.04
94.78 107.74
94.78 107.52
94.78 107.42
94.78 107.72
94.78 107.62
94.78 107.62
94.78 107.72
94.66 107.72
94.66 107.72
94.66 107.5
94.66 107
94.66 106.6
94.66 106.3
94.66 106.2
94.66 105.9
94.66 105.9
94.54 105.9
94.54 105.88
96.04 107.18
97.44 109.28
100.64 113.18
99.74 112.58
98.94 111.08
98.14 109.78
97.64 108.78
98.04 109.18
100.44 112.68
124.44 134.98
122.82 132.26
120.88 129.2
118.82 126.16
117.26 123.5
115.2 120.22
113.32 116.84
111.34 113.68
109.86 110.5
108.38 109.12
107 107.62
105.72 107.64
104.62 108.36
103.64 108.96
102.74 109.46
101.86 109.78
101.16 109.88
100.46 109.9
99.88 110
99.28 109.9
98.88 110
98.28 110.22
98 110.52
97.9 111.92
97.6 115.12
98.7 113.92
98.4 111.54
106.42 117.54
105.32 114.64
