#LON LAT MODIS(ET)
77.25 8.25 1472.9
77.75 8.25 890.5
76.75 8.75 1464.9
77.25 8.75 1337.7
77.75 8.75 762.35
76.75 9.25 1494.2
77.25 9.25 1300.2
77.75 9.25 699.95
78.25 9.25 631
78.75 9.25 667.1
76.75 9.75 1453
77.25 9.75 1280
77.75 9.75 742.6
78.25 9.75 595.4
78.75 9.75 601.35
76.25 10.25 1398.1
76.75 10.25 1428.4
77.25 10.25 1232.4
77.75 10.25 887.15
78.25 10.25 731.8
78.75 10.25 597.3
79.25 10.25 647.05
76.25 10.75 1362.2
76.75 10.75 1146.2
77.25 10.75 802.7
77.75 10.75 607.8
78.25 10.75 571.55
78.75 10.75 597.05
79.25 10.75 666.3
79.75 10.75 662.75
76.25 11.25 1482.9
76.75 11.25 1247.8
77.25 11.25 633.95
77.75 11.25 620.25
78.25 11.25 670.7
78.75 11.25 698.7
79.25 11.25 643.3
79.75 11.25 664.15
75.75 11.75 1532.6
76.25 11.75 1304
76.75 11.75 928.35
77.25 11.75 962.65
77.75 11.75 751.1
78.25 11.75 791
78.75 11.75 810.6
79.25 11.75 606.65
79.75 11.75 640.8
75.25 12.25 1431.5
75.75 12.25 1457.8
76.25 12.25 959.3
76.75 12.25 738.85
77.25 12.25 681.7
77.75 12.25 817.95
78.25 12.25 622.75
78.75 12.25 746.7
79.25 12.25 613.75
79.75 12.25 606.6
75.25 12.75 1418.7
75.75 12.75 1339.5
76.25 12.75 840.3
76.75 12.75 653.3
77.25 12.75 618.6
77.75 12.75 603.6
78.25 12.75 601.4
78.75 12.75 768.7
79.25 12.75 634.15
79.75 12.75 572.6
74.75 13.25 1206.2
75.25 13.25 1399.5
75.75 13.25 1160
76.25 13.25 744.2
76.75 13.25 606.95
77.25 13.25 574.6
77.75 13.25 563.7
78.25 13.25 566.6
78.75 13.25 598.35
79.25 13.25 577.95
79.75 13.25 601.45
80.25 13.25 539
74.75 13.75 1248.5
75.25 13.75 1226.9
75.75 13.75 961.2
76.25 13.75 626.2
76.75 13.75 518.95
77.25 13.75 498.75
77.75 13.75 510.2
78.25 13.75 499.6
78.75 13.75 487.3
79.25 13.75 689.4
79.75 13.75 546.4
74.75 14.25 1264.2
75.25 14.25 943
75.75 14.25 752.8
76.25 14.25 590.95
76.75 14.25 461.45
77.25 14.25 421.1
77.75 14.25 428.95
78.25 14.25 431.45
78.75 14.25 497.05
79.25 14.25 559.5
79.75 14.25 492.4
74.25 14.75 1350.5
74.75 14.75 1273.6
75.25 14.75 739.75
75.75 14.75 612.65
76.25 14.75 525.45
76.75 14.75 458.55
77.25 14.75 412.8
77.75 14.75 405.85
78.25 14.75 410.25
78.75 14.75 535.9
79.25 14.75 523
79.75 14.75 496.2
74.25 15.25 1254
74.75 15.25 992.6
75.25 15.25 632.55
75.75 15.25 532.3
76.25 15.25 502.3
76.75 15.25 517.55
77.25 15.25 447.9
77.75 15.25 418.2
78.25 15.25 475.65
78.75 15.25 688.35
79.25 15.25 551.75
79.75 15.25 496
73.75 15.75 987
74.25 15.75 1035.3
74.75 15.75 741.7
75.25 15.75 589.5
75.75 15.75 508.5
76.25 15.75 452.75
76.75 15.75 530.55
77.25 15.75 469.6
77.75 15.75 459.7
78.25 15.75 508.15
78.75 15.75 782.85
79.25 15.75 524.3
79.75 15.75 532.4
80.25 15.75 588.8
73.75 16.25 982.65
74.25 16.25 784.85
74.75 16.25 670.8
75.25 16.25 561.85
75.75 16.25 493.45
76.25 16.25 457.5
76.75 16.25 469.6
77.25 16.25 498.75
77.75 16.25 479.15
78.25 16.25 519.05
78.75 16.25 657.1
79.25 16.25 564.55
79.75 16.25 599
80.25 16.25 659.35
80.75 16.25 785.1
73.75 16.75 907.4
74.25 16.75 690.65
74.75 16.75 614.35
75.25 16.75 500.4
75.75 16.75 426.55
76.25 16.75 439.85
76.75 16.75 506.85
77.25 16.75 482.75
77.75 16.75 515.9
78.25 16.75 530.95
78.75 16.75 532.35
79.25 16.75 547.25
79.75 16.75 613.45
80.25 16.75 673.4
80.75 16.75 721.3
81.25 16.75 733.65
81.75 16.75 855.1
82.25 16.75 1016.1
73.25 17.25 805.1
73.75 17.25 862.1
74.25 17.25 636
74.75 17.25 474
75.25 17.25 398.2
75.75 17.25 422.6
76.25 17.25 486.55
76.75 17.25 500.45
77.25 17.25 530.6
77.75 17.25 548
78.25 17.25 548.1
78.75 17.25 553.95
79.25 17.25 553.15
79.75 17.25 589.15
80.25 17.25 664.5
80.75 17.25 755.2
81.25 17.25 825.45
81.75 17.25 893.05
82.25 17.25 992.1
73.25 17.75 832.3
73.75 17.75 812.4
74.25 17.75 591.3
74.75 17.75 444.8
75.25 17.75 487.2
75.75 17.75 451.55
76.25 17.75 456
76.75 17.75 516.95
77.25 17.75 527.55
77.75 17.75 560.1
78.25 17.75 549.25
78.75 17.75 551.1
79.25 17.75 557.4
79.75 17.75 614.05
80.25 17.75 755.3
80.75 17.75 789.55
81.25 17.75 853.1
81.75 17.75 1076
82.25 17.75 1060.1
82.75 17.75 841.35
83.25 17.75 759.75
73.25 18.25 766
73.75 18.25 687.75
74.25 18.25 572.05
74.75 18.25 473.7
75.25 18.25 454.5
75.75 18.25 461.35
76.25 18.25 504.05
76.75 18.25 549.15
77.25 18.25 546.9
77.75 18.25 549.25
78.25 18.25 554
78.75 18.25 551.9
79.25 18.25 587.4
79.75 18.25 624.3
80.25 18.25 792.45
80.75 18.25 796.1
81.25 18.25 836.85
81.75 18.25 766.5
82.25 18.25 852.25
82.75 18.25 786.4
83.25 18.25 796.1
83.75 18.25 697.3
73.25 18.75 692.75
73.75 18.75 599.5
74.25 18.75 571.9
74.75 18.75 445.75
75.25 18.75 432.3
75.75 18.75 486.8
76.25 18.75 522.8
76.75 18.75 537.05
77.25 18.75 539
77.75 18.75 555.35
78.25 18.75 526.75
78.75 18.75 567.35
79.25 18.75 589.65
79.75 18.75 579
80.25 18.75 762.45
80.75 18.75 816.85
81.25 18.75 822.4
81.75 18.75 737.05
82.25 18.75 764.05
82.75 18.75 672.25
83.25 18.75 778.25
83.75 18.75 799
84.25 18.75 832.85
73.25 19.25 624.75
73.75 19.25 626.3
74.25 19.25 533.2
74.75 19.25 471.05
75.25 19.25 468.5
75.75 19.25 504.5
76.25 19.25 536.4
76.75 19.25 554.85
77.25 19.25 562.3
77.75 19.25 559.45
78.25 19.25 548.9
78.75 19.25 597.1
79.25 19.25 625.5
79.75 19.25 592.5
80.25 19.25 777.4
80.75 19.25 829.85
81.25 19.25 837
81.75 19.25 611.75
82.25 19.25 595.55
82.75 19.25 647.05
83.25 19.25 772.85
83.75 19.25 860.1
84.25 19.25 953.65
84.75 19.25 732.4
72.75 19.75 687.45
73.25 19.75 603.45
73.75 19.75 567.6
74.25 19.75 545.2
74.75 19.75 516.35
75.25 19.75 491.85
75.75 19.75 484.55
76.25 19.75 499.8
76.75 19.75 493
77.25 19.75 508.85
77.75 19.75 536.4
78.25 19.75 560.3
78.75 19.75 556.55
79.25 19.75 573.4
79.75 19.75 579.1
80.25 19.75 734.25
80.75 19.75 808.2
81.25 19.75 749.9
81.75 19.75 622
82.25 19.75 617
82.75 19.75 638.3
83.25 19.75 816.65
83.75 19.75 921.45
84.25 19.75 952.15
84.75 19.75 732.25
85.25 19.75 888.6
73.25 20.25 597.4
73.75 20.25 560.95
74.25 20.25 526.2
74.75 20.25 451.25
75.25 20.25 503.2
75.75 20.25 501.55
76.25 20.25 491.35
76.75 20.25 480.7
77.25 20.25 485.1
77.75 20.25 498.45
78.25 20.25 503.25
78.75 20.25 530.45
79.25 20.25 568.95
79.75 20.25 574.6
80.25 20.25 656.5
80.75 20.25 654.65
81.25 20.25 613.5
81.75 20.25 652.85
82.25 20.25 779.1
82.75 20.25 578.6
83.25 20.25 579.3
83.75 20.25 840.7
84.25 20.25 815.3
84.75 20.25 876.6
85.25 20.25 710.8
85.75 20.25 670.7
86.25 20.25 690.65
70.75 20.75 589.55
73.25 20.75 625.3
73.75 20.75 599.9
74.25 20.75 489.55
74.75 20.75 439.35
75.25 20.75 484.55
75.75 20.75 468.05
76.25 20.75 484.2
76.75 20.75 481.85
77.25 20.75 476.15
77.75 20.75 478.3
78.25 20.75 490
78.75 20.75 506.75
79.25 20.75 499
79.75 20.75 513.55
80.25 20.75 640.1
80.75 20.75 529.5
81.25 20.75 535.9
81.75 20.75 572.65
82.25 20.75 624.7
82.75 20.75 584.65
83.25 20.75 564.1
83.75 20.75 587.75
84.25 20.75 671.6
84.75 20.75 784.5
85.25 20.75 726.9
85.75 20.75 684.95
86.25 20.75 636.7
86.75 20.75 674
70.25 21.25 605.3
70.75 21.25 546.5
71.25 21.25 496.9
71.75 21.25 515.05
72.75 21.25 544.7
73.25 21.25 569.25
73.75 21.25 549.2
74.25 21.25 485.55
74.75 21.25 468.95
75.25 21.25 480.75
75.75 21.25 500.45
76.25 21.25 486.3
76.75 21.25 496.8
77.25 21.25 536.1
77.75 21.25 498.4
78.25 21.25 488.9
78.75 21.25 473.25
79.25 21.25 495.15
79.75 21.25 516.4
80.25 21.25 535.7
80.75 21.25 571.15
81.25 21.25 493.65
81.75 21.25 487.95
82.25 21.25 547.9
82.75 21.25 554.6
83.25 21.25 542.7
83.75 21.25 573.45
84.25 21.25 720.05
84.75 21.25 657.95
85.25 21.25 684.4
85.75 21.25 764.7
86.25 21.25 709.4
86.75 21.25 702
69.75 21.75 515.7
70.25 21.75 541.35
70.75 21.75 512.2
71.25 21.75 483.65
71.75 21.75 436.7
72.75 21.75 467.85
73.25 21.75 531.05
73.75 21.75 526.35
74.25 21.75 496.9
74.75 21.75 444.95
75.25 21.75 435.65
75.75 21.75 441.35
76.25 21.75 430.2
76.75 21.75 437.25
77.25 21.75 488.1
77.75 21.75 459.6
78.25 21.75 462.05
78.75 21.75 501.85
79.25 21.75 569.5
79.75 21.75 542.5
80.25 21.75 532.1
80.75 21.75 644.75
81.25 21.75 517.4
81.75 21.75 495.7
82.25 21.75 494.05
82.75 21.75 534.2
83.25 21.75 520.9
83.75 21.75 582.95
84.25 21.75 557.6
84.75 21.75 681.9
85.25 21.75 721
85.75 21.75 565.45
86.25 21.75 946.35
86.75 21.75 659.05
87.25 21.75 710.65
87.75 21.75 759.15
88.25 21.75 759.15
88.75 21.75 915.75
89.25 21.75 977.5
69.25 22.25 505.45
69.75 22.25 470.05
70.25 22.25 470.35
70.75 22.25 452.35
71.25 22.25 434.45
71.75 22.25 401.3
72.25 22.25 340.7
72.75 22.25 490.8
73.25 22.25 517.2
73.75 22.25 503.9
74.25 22.25 459.7
74.75 22.25 450.7
75.25 22.25 455.25
75.75 22.25 453.85
76.25 22.25 439.1
76.75 22.25 442.55
77.25 22.25 504.25
77.75 22.25 482.9
78.25 22.25 540.65
78.75 22.25 467.35
79.25 22.25 449.85
79.75 22.25 511.7
80.25 22.25 582.35
80.75 22.25 606.1
81.25 22.25 590.85
81.75 22.25 594.75
82.25 22.25 528.05
82.75 22.25 544
83.25 22.25 582.1
83.75 22.25 557.3
84.25 22.25 550.2
84.75 22.25 581.65
85.25 22.25 710.85
85.75 22.25 590.35
86.25 22.25 656.7
86.75 22.25 590.1
87.25 22.25 665.15
87.75 22.25 747.65
88.25 22.25 738.4
88.75 22.25 706.4
89.25 22.25 816.55
89.75 22.25 921.4
90.25 22.25 825.15
90.75 22.25 876
70.75 22.75 414
71.25 22.75 386.7
71.75 22.75 361.25
72.25 22.75 396.85
72.75 22.75 486.5
73.25 22.75 499.15
73.75 22.75 475.6
74.25 22.75 453.45
74.75 22.75 425.8
75.25 22.75 462.2
75.75 22.75 455.05
76.25 22.75 426.3
76.75 22.75 422.55
77.25 22.75 461.35
77.75 22.75 500.6
78.25 22.75 540.15
78.75 22.75 494.7
79.25 22.75 464.8
79.75 22.75 465.85
80.25 22.75 510.85
80.75 22.75 523.25
81.25 22.75 557.35
81.75 22.75 609.5
82.25 22.75 578.5
82.75 22.75 606.95
83.25 22.75 588.9
83.75 22.75 548.15
84.25 22.75 545.25
84.75 22.75 548.45
85.25 22.75 662.6
85.75 22.75 610.15
86.25 22.75 590.05
86.75 22.75 633.8
87.25 22.75 652.95
87.75 22.75 733.95
88.25 22.75 731.95
88.75 22.75 724
89.25 22.75 708.4
89.75 22.75 747.8
90.25 22.75 851.25
68.75 23.25 484.8
69.25 23.25 420.4
69.75 23.25 371.85
70.25 23.25 325.85
70.75 23.25 314.15
71.25 23.25 339.3
71.75 23.25 336.85
72.25 23.25 406.7
72.75 23.25 456.8
73.25 23.25 468.5
73.75 23.25 461.65
74.25 23.25 440.6
74.75 23.25 411.95
75.25 23.25 444.7
75.75 23.25 444.9
76.25 23.25 398
76.75 23.25 411.1
77.25 23.25 423.1
77.75 23.25 441.85
78.25 23.25 467.75
78.75 23.25 436.6
79.25 23.25 462
79.75 23.25 491.8
80.25 23.25 503.45
80.75 23.25 518.35
81.25 23.25 536.05
81.75 23.25 474.45
82.25 23.25 502.85
82.75 23.25 492.4
83.25 23.25 529.05
83.75 23.25 607.95
84.25 23.25 611
84.75 23.25 513.7
85.25 23.25 521.35
85.75 23.25 568.05
86.25 23.25 549.45
86.75 23.25 570.4
87.25 23.25 614.7
87.75 23.25 671.4
88.25 23.25 702
88.75 23.25 708.45
89.25 23.25 731.6
89.75 23.25 741.6
90.25 23.25 788.05
90.75 23.25 859.15
91.25 23.25 956.5
68.25 23.75 nan
68.75 23.75 370.4
69.25 23.75 359.45
69.75 23.75 314.8
70.25 23.75 nan
70.75 23.75 289.75
71.25 23.75 271.95
71.75 23.75 345.55
72.25 23.75 437.45
72.75 23.75 465.05
73.25 23.75 469.4
73.75 23.75 414.4
74.25 23.75 428.8
74.75 23.75 409.6
75.25 23.75 427.65
75.75 23.75 394
76.25 23.75 394.95
76.75 23.75 404.45
77.25 23.75 420.7
77.75 23.75 445.45
78.25 23.75 434.3
78.75 23.75 416.95
79.25 23.75 436.35
79.75 23.75 442.85
80.25 23.75 473.95
80.75 23.75 486.45
81.25 23.75 493.95
81.75 23.75 539.65
82.25 23.75 632
82.75 23.75 592.2
83.25 23.75 584.5
83.75 23.75 614.65
84.25 23.75 679.05
84.75 23.75 574.75
85.25 23.75 571.75
85.75 23.75 568.85
86.25 23.75 559.05
86.75 23.75 552.65
87.25 23.75 582.25
87.75 23.75 655.6
88.25 23.75 678.85
88.75 23.75 697.45
89.25 23.75 712.25
89.75 23.75 744.7
90.75 23.75 798
91.25 23.75 998.15
91.75 23.75 1230.2
92.25 23.75 1278
92.75 23.75 1257.8
93.25 23.75 1201.8
67.75 24.25 280.6
68.25 24.25 224.9
68.75 24.25 nan
69.25 24.25 183.7
69.75 24.25 186.8
70.25 24.25 192.9
70.75 24.25 224.8
71.25 24.25 283.2
71.75 24.25 390.75
72.25 24.25 433.55
72.75 24.25 445.3
73.25 24.25 465.05
73.75 24.25 391.8
74.25 24.25 410.85
74.75 24.25 405.85
75.25 24.25 418
75.75 24.25 387.8
76.25 24.25 384.75
76.75 24.25 382.3
77.25 24.25 414.9
77.75 24.25 423.1
78.25 24.25 440
78.75 24.25 452.4
79.25 24.25 452.3
79.75 24.25 437.85
80.25 24.25 435.95
80.75 24.25 483.5
81.25 24.25 473.25
81.75 24.25 490.95
82.25 24.25 486.75
82.75 24.25 482.45
83.25 24.25 520.25
83.75 24.25 528.65
84.25 24.25 521.95
84.75 24.25 577
85.25 24.25 575.4
85.75 24.25 534.9
86.25 24.25 518.5
86.75 24.25 530.7
87.25 24.25 596.15
87.75 24.25 637.6
88.25 24.25 663.2
88.75 24.25 703.35
89.25 24.25 752.35
89.75 24.25 760.85
90.25 24.25 775.35
90.75 24.25 824.75
91.25 24.25 869.75
91.75 24.25 1018.8
92.25 24.25 1169.5
92.75 24.25 1294.7
93.25 24.25 1267.4
68.25 24.75 226.9
68.75 24.75 206.1
69.25 24.75 189.95
69.75 24.75 165.15
70.25 24.75 179.35
70.75 24.75 190.55
71.25 24.75 222.1
71.75 24.75 319.5
72.25 24.75 361.75
72.75 24.75 413.1
73.25 24.75 428.25
73.75 24.75 389.95
74.25 24.75 392.45
74.75 24.75 378.75
75.25 24.75 367.55
75.75 24.75 358.5
76.25 24.75 384.3
76.75 24.75 399.55
77.25 24.75 411.5
77.75 24.75 415.55
78.25 24.75 423.95
78.75 24.75 429.35
79.25 24.75 438.85
79.75 24.75 455.3
80.25 24.75 454.65
80.75 24.75 471.55
81.25 24.75 485.2
81.75 24.75 468.3
82.25 24.75 458.55
82.75 24.75 470.55
83.25 24.75 502.65
83.75 24.75 536.1
84.25 24.75 558.2
84.75 24.75 535.7
85.25 24.75 552.1
85.75 24.75 616.35
86.25 24.75 547.75
86.75 24.75 536.3
87.25 24.75 619.1
87.75 24.75 638.1
88.25 24.75 660.05
88.75 24.75 702.2
89.25 24.75 763.6
89.75 24.75 769.05
90.25 24.75 802.15
90.75 24.75 847.85
91.25 24.75 805.65
91.75 24.75 814.3
92.25 24.75 855.55
92.75 24.75 935.35
93.25 24.75 1276.9
67.75 25.25 146.5
68.25 25.25 191.25
68.75 25.25 230.45
69.25 25.25 188.3
69.75 25.25 174.1
70.25 25.25 144.6
70.75 25.25 162.45
71.25 25.25 179.15
71.75 25.25 218.25
72.25 25.25 289.35
72.75 25.25 329.85
73.25 25.25 376
73.75 25.25 374.65
74.25 25.25 351.2
74.75 25.25 357.95
75.25 25.25 338.95
75.75 25.25 392.35
76.25 25.25 437.9
76.75 25.25 392.1
77.25 25.25 402.15
77.75 25.25 399.7
78.25 25.25 413.5
78.75 25.25 405.5
79.25 25.25 408.7
79.75 25.25 413.5
80.25 25.25 420.55
80.75 25.25 465.95
81.25 25.25 455.7
81.75 25.25 483.1
82.25 25.25 497.9
82.75 25.25 494.25
83.25 25.25 556.1
83.75 25.25 600.75
84.25 25.25 633.3
84.75 25.25 571.65
85.25 25.25 573.9
85.75 25.25 560.5
86.25 25.25 585.7
86.75 25.25 593.35
87.25 25.25 594.65
87.75 25.25 652.45
88.25 25.25 650.05
88.75 25.25 683.95
89.25 25.25 729.25
89.75 25.25 791.85
90.25 25.25 1035
90.75 25.25 1097
91.25 25.25 1032.7
91.75 25.25 983.7
92.25 25.25 994.25
92.75 25.25 1202.1
93.25 25.25 1211.4
93.75 25.25 1150.3
67.75 25.75 109.95
68.25 25.75 172.45
68.75 25.75 227.5
69.25 25.75 171.1
69.75 25.75 117.85
70.25 25.75 121.35
70.75 25.75 138.85
71.25 25.75 164.35
71.75 25.75 177.05
72.25 25.75 212.9
72.75 25.75 252.75
73.25 25.75 292.55
73.75 25.75 330.55
74.25 25.75 328.15
74.75 25.75 329.3
75.25 25.75 338.5
75.75 25.75 357
76.25 25.75 376.55
76.75 25.75 401.45
77.25 25.75 424.9
77.75 25.75 399.5
78.25 25.75 438.85
78.75 25.75 425.85
79.25 25.75 399.95
79.75 25.75 402.85
80.25 25.75 417
80.75 25.75 453.05
81.25 25.75 475.5
81.75 25.75 504.8
82.25 25.75 510.15
82.75 25.75 518.05
83.25 25.75 545.55
83.75 25.75 548.6
84.25 25.75 538.85
84.75 25.75 547.2
85.25 25.75 551.6
85.75 25.75 558.05
86.25 25.75 581.15
86.75 25.75 624.1
87.25 25.75 638.1
87.75 25.75 612.5
88.25 25.75 649.7
88.75 25.75 671.6
89.25 25.75 702.4
89.75 25.75 687.15
90.25 25.75 1099
90.75 25.75 1137.7
91.25 25.75 1099.5
91.75 25.75 1059.3
92.25 25.75 1038.5
92.75 25.75 1048.8
93.25 25.75 1141.3
93.75 25.75 1025.9
94.25 25.75 1041.4
67.75 26.25 101.45
68.25 26.25 179.25
68.75 26.25 155.8
69.25 26.25 87.4
69.75 26.25 83.8
70.25 26.25 109.05
70.75 26.25 120.6
71.25 26.25 147.65
71.75 26.25 156.5
72.25 26.25 168.2
72.75 26.25 203.25
73.25 26.25 249.3
73.75 26.25 285.8
74.25 26.25 291.95
74.75 26.25 305.15
75.25 26.25 313.25
75.75 26.25 330.55
76.25 26.25 352.85
76.75 26.25 362.85
77.25 26.25 360.75
77.75 26.25 379.9
78.25 26.25 382.1
78.75 26.25 389.8
79.25 26.25 401.95
79.75 26.25 421.05
80.25 26.25 448.45
80.75 26.25 467.85
81.25 26.25 502.35
81.75 26.25 499.25
82.25 26.25 501.7
82.75 26.25 530
83.25 26.25 528.85
83.75 26.25 550.55
84.25 26.25 551
84.75 26.25 534.55
85.25 26.25 546.65
85.75 26.25 541.4
86.25 26.25 527.1
86.75 26.25 568.8
87.25 26.25 613.8
87.75 26.25 594.7
88.25 26.25 628.5
88.75 26.25 628.7
89.25 26.25 651.15
89.75 26.25 693.45
90.25 26.25 706.05
90.75 26.25 659.35
91.25 26.25 598.25
91.75 26.25 705.85
92.25 26.25 697.1
92.75 26.25 723.45
93.25 26.25 1083.4
93.75 26.25 1013.9
94.25 26.25 1118.3
94.75 26.25 1088.5
67.25 26.75 59.65
67.75 26.75 134.45
68.25 26.75 145
68.75 26.75 78.35
69.25 26.75 65.4
69.75 26.75 nan
70.25 26.75 nan
70.75 26.75 107.55
71.25 26.75 120.55
71.75 26.75 135.6
72.25 26.75 151.85
72.75 26.75 177.7
73.25 26.75 218.45
73.75 26.75 248.5
74.25 26.75 244.45
74.75 26.75 275.55
75.25 26.75 295.25
75.75 26.75 305.55
76.25 26.75 338.65
76.75 26.75 358.55
77.25 26.75 350.5
77.75 26.75 365.35
78.25 26.75 381.2
78.75 26.75 393.7
79.25 26.75 423.85
79.75 26.75 431.25
80.25 26.75 451.6
80.75 26.75 456.05
81.25 26.75 479.2
81.75 26.75 484.55
82.25 26.75 493.95
82.75 26.75 506.55
83.25 26.75 533
83.75 26.75 530.05
84.25 26.75 490.1
84.75 26.75 505.35
85.25 26.75 461.55
85.75 26.75 470.8
86.25 26.75 522.1
86.75 26.75 693.05
87.25 26.75 715.7
87.75 26.75 769.05
88.25 26.75 816.65
88.75 26.75 802.6
89.25 26.75 905.2
89.75 26.75 991.15
90.25 26.75 970.95
90.75 26.75 948
91.25 26.75 921.8
91.75 26.75 840.85
92.25 26.75 796.45
92.75 26.75 721
93.25 26.75 883.9
93.75 26.75 693.5
94.25 26.75 725.65
94.75 26.75 1016.5
95.25 26.75 1131
66.75 27.25 57.1
67.25 27.25 42.75
67.75 27.25 121.9
68.25 27.25 154.5
68.75 27.25 142.55
69.25 27.25 69.65
69.75 27.25 63.6
70.25 27.25 nan
70.75 27.25 100.35
71.25 27.25 104.75
71.75 27.25 107.2
72.25 27.25 126.75
72.75 27.25 131.3
73.25 27.25 145.15
73.75 27.25 170.2
74.25 27.25 199.1
74.75 27.25 250.55
75.25 27.25 298.65
75.75 27.25 335.15
76.25 27.25 351.85
76.75 27.25 356.55
77.25 27.25 354.3
77.75 27.25 391.7
78.25 27.25 375.85
78.75 27.25 387
79.25 27.25 385.85
79.75 27.25 400.05
80.25 27.25 445.55
80.75 27.25 435.95
81.25 27.25 445.5
81.75 27.25 483.75
82.25 27.25 462.95
82.75 27.25 515
83.25 27.25 539.55
83.75 27.25 543.65
84.25 27.25 552.65
84.75 27.25 606.25
85.25 27.25 668.95
85.75 27.25 695.1
86.25 27.25 694.4
86.75 27.25 720.6
87.25 27.25 743.15
87.75 27.25 784.8
88.25 27.25 833.4
88.75 27.25 857.05
89.25 27.25 858.4
89.75 27.25 841.15
90.25 27.25 868.2
90.75 27.25 918.2
91.25 27.25 922
91.75 27.25 849
92.25 27.25 871.35
92.75 27.25 1003
93.25 27.25 1027.7
93.75 27.25 1028.8
94.25 27.25 702.2
94.75 27.25 638.55
95.25 27.25 842.9
95.75 27.25 1053.9
66.75 27.75 57.3
67.25 27.75 43.3
67.75 27.75 84.7
68.25 27.75 125
68.75 27.75 136.85
69.25 27.75 136.5
69.75 27.75 100.85
70.25 27.75 66.75
70.75 27.75 72.1
71.25 27.75 82.85
71.75 27.75 90.05
72.25 27.75 99.95
72.75 27.75 109.2
73.25 27.75 133.3
73.75 27.75 165.75
74.25 27.75 181.9
74.75 27.75 210.55
75.25 27.75 286.6
75.75 27.75 308
76.25 27.75 353.25
76.75 27.75 343.5
77.25 27.75 377.35
77.75 27.75 402.75
78.25 27.75 401.25
78.75 27.75 400.5
79.25 27.75 389.9
79.75 27.75 424.45
80.25 27.75 427.2
80.75 27.75 406.35
81.25 27.75 389.5
81.75 27.75 466.9
82.25 27.75 507.9
82.75 27.75 618.2
83.25 27.75 649.7
83.75 27.75 682.8
84.25 27.75 692.4
84.75 27.75 715.8
85.25 27.75 731.9
85.75 27.75 716.25
86.25 27.75 770.45
86.75 27.75 813.75
87.25 27.75 721.05
87.75 27.75 837.65
88.25 27.75 797.75
88.75 27.75 776.1
89.25 27.75 865.65
89.75 27.75 767.35
90.25 27.75 801.3
90.75 27.75 829.9
91.25 27.75 787.4
91.75 27.75 813.75
92.25 27.75 889.4
92.75 27.75 844.45
93.25 27.75 868.1
93.75 27.75 958.05
94.25 27.75 1021.5
94.75 27.75 953.55
95.25 27.75 757.7
95.75 27.75 785.1
96.25 27.75 1042.2
96.75 27.75 801.45
66.75 28.25 nan
67.25 28.25 41.1
67.75 28.25 111.8
68.25 28.25 108.75
68.75 28.25 105.8
69.25 28.25 131.55
69.75 28.25 179.05
70.25 28.25 179.45
70.75 28.25 86.15
71.25 28.25 71.75
71.75 28.25 78
72.25 28.25 89.5
72.75 28.25 106.05
73.25 28.25 119.85
73.75 28.25 138.35
74.25 28.25 168.45
74.75 28.25 176.6
75.25 28.25 223.35
75.75 28.25 317.15
76.25 28.25 343.7
76.75 28.25 337.85
77.25 28.25 369.4
77.75 28.25 395.3
78.25 28.25 400.95
78.75 28.25 402.2
79.25 28.25 395.5
79.75 28.25 411.6
80.25 28.25 465.95
80.75 28.25 419.55
81.25 28.25 479.4
81.75 28.25 630.25
82.25 28.25 622
82.75 28.25 700.2
83.25 28.25 724
83.75 28.25 730.35
84.25 28.25 778.8
84.75 28.25 776.75
85.25 28.25 757.4
85.75 28.25 801.45
86.25 28.25 859.55
86.75 28.25 652.25
87.25 28.25 634.2
87.75 28.25 599.35
88.25 28.25 606
88.75 28.25 670.4
89.25 28.25 672.2
89.75 28.25 734
90.25 28.25 769.7
90.75 28.25 743.35
91.25 28.25 830.95
91.75 28.25 822.9
92.25 28.25 827.6
92.75 28.25 783.25
93.25 28.25 788.8
93.75 28.25 842.15
94.25 28.25 913.6
94.75 28.25 1026.2
95.25 28.25 994.25
95.75 28.25 940.65
96.25 28.25 820.6
96.75 28.25 772.05
97.25 28.25 775.95
66.75 28.75 86.85
67.25 28.75 44
67.75 28.75 nan
68.25 28.75 nan
68.75 28.75 nan
69.25 28.75 nan
69.75 28.75 nan
70.25 28.75 189.55
70.75 28.75 209.85
71.25 28.75 97
71.75 28.75 75.5
72.25 28.75 nan
72.75 28.75 128.15
73.25 28.75 120.75
73.75 28.75 133.5
74.25 28.75 145.45
74.75 28.75 164.95
75.25 28.75 183.9
75.75 28.75 302
76.25 28.75 360.1
76.75 28.75 360.2
77.25 28.75 363.75
77.75 28.75 382.1
78.25 28.75 381.45
78.75 28.75 383.95
79.25 28.75 396
79.75 28.75 440.4
80.25 28.75 497.85
80.75 28.75 603.6
81.25 28.75 658.1
81.75 28.75 655.45
82.25 28.75 661.95
82.75 28.75 651.9
83.25 28.75 754.25
83.75 28.75 775.1
84.25 28.75 804.75
84.75 28.75 849.35
85.25 28.75 825.95
85.75 28.75 775.75
86.25 28.75 699.65
86.75 28.75 504.7
87.25 28.75 392.45
87.75 28.75 307.75
88.25 28.75 284.4
88.75 28.75 273.45
89.25 28.75 276.7
89.75 28.75 404
90.25 28.75 447.45
90.75 28.75 397.05
91.25 28.75 417.85
91.75 28.75 442.4
92.25 28.75 461.9
92.75 28.75 539.9
93.25 28.75 816.45
93.75 28.75 841.1
94.25 28.75 835.95
94.75 28.75 856.95
95.25 28.75 808.6
95.75 28.75 826.7
96.25 28.75 772.85
96.75 28.75 764.65
97.25 28.75 747.35
66.75 29.25 94.8
67.25 29.25 47
67.75 29.25 nan
68.25 29.25 nan
68.75 29.25 41.8
69.25 29.25 49.05
69.75 29.25 nan
70.25 29.25 174.65
70.75 29.25 209.1
71.25 29.25 224.55
71.75 29.25 196.9
72.25 29.25 nan
72.75 29.25 177.35
73.25 29.25 218.95
73.75 29.25 174.6
74.25 29.25 205
74.75 29.25 240.75
75.25 29.25 303.75
75.75 29.25 369.45
76.25 29.25 436.7
76.75 29.25 456.75
77.25 29.25 394.45
77.75 29.25 398
78.25 29.25 385.25
78.75 29.25 411.75
79.25 29.25 551.7
79.75 29.25 608.5
80.25 29.25 627.6
80.75 29.25 652.55
81.25 29.25 661.45
81.75 29.25 623.4
82.25 29.25 637.35
82.75 29.25 736.95
83.25 29.25 803.05
83.75 29.25 nan
84.25 29.25 627.45
84.75 29.25 665.05
85.25 29.25 614.15
85.75 29.25 598.8
86.25 29.25 536.55
86.75 29.25 402.2
87.25 29.25 347.45
87.75 29.25 276.25
88.25 29.25 233.6
88.75 29.25 211.1
89.25 29.25 200.6
89.75 29.25 272.4
90.25 29.25 273.55
90.75 29.25 200.4
91.25 29.25 178.4
91.75 29.25 240.75
92.25 29.25 337.65
92.75 29.25 492.4
93.25 29.25 731.35
93.75 29.25 816.1
94.25 29.25 829.85
94.75 29.25 803.4
95.25 29.25 771
95.75 29.25 756.15
96.25 29.25 735.95
96.75 29.25 776.9
97.25 29.25 560.85
67.25 29.75 63.9
67.75 29.75 47.85
68.25 29.75 43.2
68.75 29.75 44.9
69.25 29.75 56.4
69.75 29.75 67.1
70.25 29.75 104.25
70.75 29.75 219.1
71.25 29.75 227.2
71.75 29.75 255.8
72.25 29.75 239.4
72.75 29.75 239.6
73.25 29.75 269.4
73.75 29.75 238.25
74.25 29.75 290.2
74.75 29.75 360.25
75.25 29.75 388.15
75.75 29.75 443.1
76.25 29.75 469.9
76.75 29.75 461.9
77.25 29.75 414.85
77.75 29.75 391.75
78.25 29.75 447.9
78.75 29.75 580.45
79.25 29.75 550.3
79.75 29.75 562.8
80.25 29.75 618.1
80.75 29.75 612.45
81.25 29.75 667.25
81.75 29.75 639
82.25 29.75 685
82.75 29.75 758.9
83.25 29.75 588.25
83.75 29.75 545.65
84.25 29.75 514.3
84.75 29.75 561.5
85.25 29.75 562.75
86.25 29.75 456
87.25 29.75 372.5
87.75 29.75 332.65
88.25 29.75 316.45
88.75 29.75 327.1
89.25 29.75 334.1
89.75 29.75 396.45
90.25 29.75 344.6
90.75 29.75 238.15
91.25 29.75 201.3
91.75 29.75 298.05
92.25 29.75 423.9
92.75 29.75 569.9
93.25 29.75 607.55
93.75 29.75 680.7
94.25 29.75 733.65
94.75 29.75 772.1
95.25 29.75 762.8
95.75 29.75 764.55
96.25 29.75 759.65
67.75 30.25 96.3
68.25 30.25 71.25
68.75 30.25 56.55
69.25 30.25 61.1
69.75 30.25 77.4
70.25 30.25 77.45
70.75 30.25 161.25
71.25 30.25 154.3
71.75 30.25 235.6
72.25 30.25 260.1
72.75 30.25 251.5
73.25 30.25 255.3
73.75 30.25 273.2
74.25 30.25 352.6
74.75 30.25 372.55
75.25 30.25 400.7
75.75 30.25 466.7
76.25 30.25 481.45
76.75 30.25 411.75
77.25 30.25 417.2
77.75 30.25 467.9
78.25 30.25 556.5
78.75 30.25 580.35
79.25 30.25 588.95
79.75 30.25 624.8
80.25 30.25 658.65
80.75 30.25 694.05
81.25 30.25 731.1
81.75 30.25 713.05
82.25 30.25 689.7
82.75 30.25 667.4
83.25 30.25 482.35
83.75 30.25 481.25
87.25 30.25 326.65
87.75 30.25 336.5
88.25 30.25 341.55
89.25 30.25 383.85
90.25 30.25 358.2
90.75 30.25 304.25
91.25 30.25 277.8
91.75 30.25 393.75
92.25 30.25 488.95
92.75 30.25 540.6
93.25 30.25 581.7
93.75 30.25 654.25
94.25 30.25 712.5
94.75 30.25 745.1
95.25 30.25 752.15
95.75 30.25 697.9
67.75 30.75 nan
68.25 30.75 nan
68.75 30.75 nan
69.25 30.75 67.6
69.75 30.75 80.2
70.25 30.75 84.55
70.75 30.75 144.85
71.25 30.75 167.85
71.75 30.75 187.35
72.25 30.75 226.9
72.75 30.75 242.3
73.25 30.75 240.1
73.75 30.75 270.1
74.25 30.75 335.95
74.75 30.75 406.05
75.25 30.75 467.4
75.75 30.75 442.15
76.25 30.75 461.75
76.75 30.75 404.05
77.25 30.75 505.9
77.75 30.75 491.8
78.25 30.75 555.45
78.75 30.75 625.85
79.25 30.75 637.1
79.75 30.75 676.25
80.25 30.75 570.25
80.75 30.75 601.8
81.25 30.75 618.9
81.75 30.75 671.35
82.25 30.75 656.35
82.75 30.75 557
83.25 30.75 460.1
83.75 30.75 399.05
91.75 30.75 386.65
92.25 30.75 440.05
92.75 30.75 465.1
93.25 30.75 595.2
93.75 30.75 683.5
94.25 30.75 720.9
68.25 31.25 nan
68.75 31.25 nan
69.25 31.25 81.45
69.75 31.25 92.05
70.25 31.25 94.5
70.75 31.25 138.9
71.25 31.25 138.4
71.75 31.25 81.05
72.25 31.25 193.75
72.75 31.25 218.75
73.25 31.25 227.55
73.75 31.25 286.8
74.25 31.25 277.85
74.75 31.25 425.2
75.25 31.25 412.35
75.75 31.25 396.9
76.25 31.25 410.75
76.75 31.25 477.9
77.25 31.25 516.8
77.75 31.25 566.15
78.25 31.25 583.2
78.75 31.25 nan
79.25 31.25 nan
79.75 31.25 nan
80.25 31.25 408.5
80.75 31.25 449.45
81.25 31.25 500.2
81.75 31.25 499.35
68.25 31.75 nan
68.75 31.75 nan
69.25 31.75 nan
69.75 31.75 nan
70.25 31.75 81.65
70.75 31.75 109
71.25 31.75 118.5
71.75 31.75 67.5
72.25 31.75 146.75
72.75 31.75 202.35
73.25 31.75 229.8
73.75 31.75 308.8
74.25 31.75 329.3
74.75 31.75 408.25
75.25 31.75 459.3
75.75 31.75 407.85
76.25 31.75 457.75
76.75 31.75 532.3
77.25 31.75 589.1
77.75 31.75 614.15
78.25 31.75 632.95
78.75 31.75 nan
79.25 31.75 nan
79.75 31.75 nan
80.25 31.75 375.25
80.75 31.75 407.2
81.25 31.75 385.7
68.75 32.25 nan
69.25 32.25 147.45
69.75 32.25 134.55
70.25 32.25 85.85
70.75 32.25 62.9
71.25 32.25 127.9
71.75 32.25 124.7
72.25 32.25 144.95
72.75 32.25 179.65
73.25 32.25 253.2
73.75 32.25 296.65
74.25 32.25 330.75
74.75 32.25 323.3
75.25 32.25 378.3
75.75 32.25 425.4
76.25 32.25 486.95
76.75 32.25 574.35
77.25 32.25 657.95
77.75 32.25 nan
78.25 32.25 nan
78.75 32.25 nan
79.25 32.25 nan
79.75 32.25 nan
80.25 32.25 330.05
80.75 32.25 312.85
81.25 32.25 267
68.75 32.75 154.1
69.25 32.75 167.35
69.75 32.75 169.4
70.25 32.75 90
70.75 32.75 82.75
71.25 32.75 106.5
71.75 32.75 127.8
72.25 32.75 114.9
72.75 32.75 120.45
73.25 32.75 158.3
73.75 32.75 207.35
74.25 32.75 243.95
74.75 32.75 329.1
75.25 32.75 389.65
75.75 32.75 472.6
76.25 32.75 556.35
76.75 32.75 660.75
77.25 32.75 nan
77.75 32.75 nan
78.25 32.75 nan
78.75 32.75 nan
79.25 32.75 nan
80.75 32.75 275.6
69.25 33.25 193.1
69.75 33.25 151.5
70.25 33.25 104.25
70.75 33.25 102.25
71.25 33.25 97.95
71.75 33.25 71
72.25 33.25 89.3
72.75 33.25 103.3
73.25 33.25 132
73.75 33.25 206.2
74.25 33.25 316.4
74.75 33.25 388.4
75.25 33.25 412.35
75.75 33.25 536.45
76.25 33.25 588.95
76.75 33.25 nan
77.25 33.25 nan
77.75 33.25 nan
78.25 33.25 nan
78.75 33.25 nan
79.25 33.25 nan
68.75 33.75 166.5
69.75 33.75 201.15
70.25 33.75 192.85
70.75 33.75 218.4
71.25 33.75 148
71.75 33.75 106.5
72.25 33.75 101.4
72.75 33.75 143.95
73.25 33.75 227.75
73.75 33.75 331.2
74.25 33.75 366.4
74.75 33.75 408.15
75.25 33.75 487.35
75.75 33.75 534.25
76.25 33.75 nan
76.75 33.75 nan
77.25 33.75 nan
77.75 33.75 nan
78.25 33.75 nan
78.75 33.75 nan
79.25 33.75 nan
79.75 33.75 nan
80.25 33.75 274.5
80.75 33.75 267.45
67.75 34.25 227.1
68.25 34.25 213.7
68.75 34.25 202.05
69.25 34.25 169.4
69.75 34.25 151.55
70.25 34.25 132.75
70.75 34.25 104.1
71.25 34.25 75.2
71.75 34.25 200.1
72.25 34.25 199.35
72.75 34.25 240.7
73.25 34.25 308.1
73.75 34.25 400.75
74.25 34.25 412.4
74.75 34.25 431.55
75.25 34.25 474.9
75.75 34.25 487.1
76.25 34.25 nan
76.75 34.25 nan
77.25 34.25 nan
77.75 34.25 nan
78.25 34.25 nan
78.75 34.25 nan
79.25 34.25 nan
79.75 34.25 nan
80.25 34.25 nan
68.25 34.75 250.5
68.75 34.75 257.45
69.25 34.75 196.5
69.75 34.75 186.4
70.25 34.75 199.95
70.75 34.75 210.95
71.25 34.75 186.95
71.75 34.75 219.7
72.25 34.75 274.1
72.75 34.75 364.9
73.25 34.75 417.35
73.75 34.75 405.6
74.25 34.75 458.25
74.75 34.75 417.85
75.25 34.75 442.4
75.75 34.75 391.6
76.25 34.75 nan
76.75 34.75 nan
77.25 34.75 nan
77.75 34.75 nan
78.25 34.75 nan
69.25 35.25 273.1
69.75 35.25 316.25
70.25 35.25 348.65
70.75 35.25 390.85
71.25 35.25 357.45
71.75 35.25 352.7
72.25 35.25 382.7
72.75 35.25 435.4
73.25 35.25 430.95
73.75 35.25 341.25
74.25 35.25 344.25
74.75 35.25 363.25
75.25 35.25 376.1
75.75 35.25 399.15
76.25 35.25 nan
76.75 35.25 nan
77.25 35.25 nan
77.75 35.25 nan
78.25 35.25 nan
70.25 35.75 nan
71.25 35.75 379.35
71.75 35.75 381.1
72.25 35.75 372.4
72.75 35.75 419.5
73.25 35.75 343.65
73.75 35.75 305.25
74.25 35.75 329.65
74.75 35.75 407.4
75.25 35.75 459.95
75.75 35.75 nan
76.25 35.75 nan
71.75 36.25 nan
72.25 36.25 nan
72.75 36.25 nan
73.25 36.25 376.7
73.75 36.25 399.35
74.25 36.25 437.95
74.75 36.25 nan
75.25 36.25 nan
72.75 36.75 nan
73.25 36.75 nan
73.75 36.75 nan
74.25 36.75 nan
74.75 36.75 nan
75.25 36.75 nan
