#LON LAT
77.14625	9.52875
76.967917	9.845417
77.58375	10.049583
77.10875	11.470417
77.80875	11.80375
76.57125	12.424583
77.457917	12.56625
76.050417	12.82875
75.63375	13.699583
74.847917	14.175417
79.304583	14.48875
76.329583	15.26625
75.092083	15.819583
78.89625	16.087917
76.34625	16.220417
75.887917	16.332917
79.30875	16.574583
78.542083	18.27125
82.60375	18.789583
78.342083	18.967083
74.60875	19.339583
75.367083	19.487083
76.729583	19.720417
77.43375	19.72875
73.504583	19.820417
74.712917	20.47875
81.564583	20.61625
73.597083	21.257917
78.06125	21.274583
71.875417	21.470417
83.854583	21.520417
70.767917	21.81625
73.747917	21.832917
84.654583	22.270417
77.979583	22.56125
82.59875	22.605417
79.927917	22.945417
86.742083	22.957917
86.02125	22.97875
78.062917	23.05375
73.825417	23.307917
74.54875	23.627917
85.829583	23.734583
86.812917	23.787083
85.75875	23.932917
74.029583	23.97875
81.287917	24.19125
81.270417	24.377917
78.412917	24.674583
75.554583	24.699583
75.579583	24.91625
78.37125	25.09875
77.004583	26.56125
78.754583	29.524583
78.475417	30.374583
75.729583	32.449583
73.642917	33.145417
74.80875	33.145417
76.625	31.375
75.625	32.375
74.875	33.125
74.375	32.625
73.375	32.625
73.625	33.125
72.625	34.125
71.375	34.125
71.375	32.375
90.875	29.125
79.222	21.662
